3252 4948
386
707262
601152
921911
291784
713022
630945
980522
872844
73484
568552
836700
772064
531051
207450
231158
15415
934848
67486
506190
471366
531703
14888
498055
965051
448469
613017
614845
728982
752618
146142
879215
459879
263645
801125
268013
976665
432068
248533
365859
21902
333435
202557
793964
864485
926358
541473
396250
377556
125309
902439
365273
657010
917325
379678
622059
882144
992693
753254
611124
261661
899395
490338
721538
679390
291461
989549
172405
239879
754432
538262
261779
87866
257169
572094
468701
183525
113565
864949
77432
755224
283738
959055
412232
717413
338731
34290
599556
847774
787542
727030
109433
203287
217366
347322
882675
25177
336869
571430
265054
607652
109690
43184
211868
366858
131628
680567
66733
761543
61866
144163
516765
345603
103216
928995
63014
958297
479635
178920
806069
783528
905949
915501
986813
639665
779173
385839
664841
116040
957267
446245
723690
66956
5779
451908
950164
137405
132473
16895
898946
710690
677409
932061
572643
780623
861055
152007
255271
340688
330926
61338
640566
236873
493189
627378
876536
272360
529567
57727
904751
3184
20323
144791
586490
26100
596698
536652
163504
245521
553546
578800
956209
230953
510860
45202
527926
888265
197208
783195
745303
528132
360884
385868
281355
370423
529596
157889
642782
575513
731967
63883
578695
752288
208672
165184
778386
805368
218186
458240
567240
288082
553391
39799
35385
64249
85000
563310
468864
282206
862855
214165
810336
740089
116383
91689
110511
645977
765928
269643
221488
14245
333524
316534
766531
542194
998068
61268
863913
216252
519506
431151
504333
589247
470948
56068
169846
72298
619376
638708
354502
998582
369224
681188
738669
485605
289227
849178
647933
571506
118819
385771
585749
968693
702303
868631
510886
216721
929897
891149
949324
965753
838650
453655
554999
309596
509721
724843
898245
645448
879902
252745
160380
249124
933932
415399
251079
739509
264576
899010
311013
899745
284780
896761
384789
503433
765390
895673
236505
695285
303172
185827
177388
141820
639480
248737
967766
665551
973579
866009
827349
369831
118753
504079
618953
569035
919477
870030
308542
700403
285391
135906
116498
86521
32665
501285
589952
314405
913308
826455
526040
216478
12280
703426
358296
168110
952162
842413
350012
442091
708420
693711
811920
343523
197789
430871
428908
633616
817251
253801
334017
102640
389705
450513
189159
422368
951797
295462
253123
865103
638267
779161
597932
166898
482585
472578
851358
434745
314989
717720
393186
539760
927782
205104
883281
641921
152325
828540
275535
969575
82339
609550
588565
988394
60061
294075
927112
528208
105887
180233
393310
260504
959392
991240
427400
441975
463816
795109