3072 5157
182
302607
834914
956959
507710
234545
598878
660033
63083
874411
145958
661772
311
250874
166516
576723
544947
93626
104929
167184
790209
14589
427686
749599
5827
371437
707925
985994
166544
617346
797500
195721
919951
632412
152679
944011
866955
267907
604043
446389
658669
266351
624511
658978
517223
791026
235699
578520
401002
340627
745702
191210
355214
173387
457159
877392
544822
165082
379736
227716
298778
177234
423435
218728
809644
92464
162737
192949
876722
283130
155688
535389
65832
780198
194365
99405
87574
946415
677924
4926
287040
423624
712486
158604
113361
169644
552346
174533
851076
932080
402247
149853
109312
342033
884931
435306
950847
564018
144606
827567
847147
300292
362954
429329
596840
73670
528732
200764
20083
723006
205689
307121
146629
918173
982075
776340
604167
534420
950872
455242
982850
353117
605093
92161
211500
490022
43817
162346
54038
704773
989911
417535
5064
869216
846862
118254
942884
891945
319017
962965
614949
41056
786436
277928
475579
284861
54267
79745
819279
5137
534985
802128
874604
656428
410639
86103
146448
970806
764799
200484
675578
271060
134370
196992
140274
497582
315244
83156
389525
150611
562471
520825
708017
865257
798751
183595
666469
369368
779690
485746
890855
314673
804224