1811 1100
216
884263
633897
218370
649060
350731
893946
920118
485099
607288
60391
982680
922530
659897
888555
589492
738719
925730
297507
120326
240832
997452
786793
610198
777140
788890
501052
608163
109464
299212
579260
357028
183473
729507
575396
832531
80237
469340
268999
565334
76626
845740
64364
515506
21988
469270
621348
760705
394998
435206
397381
635828
432656
700525
246025
209795
489413
263427
334308
115227
78989
429919
472253
262460
159424
47647
611341
239659
33337
396690
321344
109961
242429
385706
141818
264415
371326
763164
541470
766323
198368
455201
402149
147375
155724
164524
873520
645135
944301
207826
276713
539640
637743
748964
802098
797166
796610
929789
553175
829945
326478
874517
456257
568905
776574
598073
349670
147898
877587
407490
430571
592306
862689
349071
739679
18412
29945
129549
179897
490597
337373
456608
30235
491467
205571
832332
804983
518531
278471
358156
348474
604947
749024
321081
690202
41948
435504
39870
706196
829442
447358
136766
421746
310046
2187
677775
844808
32130
807322
24703
522725
661045
481310
552959
152510
203231
901641
957491
721760
180110
315646
586584
301408
581020
424016
991608
622966
859518
547829
329160
688958
511537
982276
110702
337933
984461
304827
182739
532942
112147
723793
55665
773191
205101
124974
925699
924682
542965
399541
162792
723074
715185
749374
540832
812555
173388
48790
951871
549257
596617
281029
238213
624505
779656
865266
962436
280467
170091
661526
813407
798589
385317
869071
88130
106768
510395
530179