1449 3360
221
194238
292783
161253
459962
833613
973806
149701
882401
925675
698956
995369
723055
937167
136224
19061
318783
98658
299526
488873
276534
112932
803812
661849
498353
891940
768615
8746
422117
316413
62103
351834
510649
871236
513085
486962
704847
3242
636661
103599
445267
335615
615318
168320
789132
751540
187379
107914
366548
486904
113137
643081
116186
916947
304928
614537
325237
589894
623281
747352
906305
201735
615536
933305
72969
644972
936617
294167
648212
573276
914116
609829
425241
529432
778148
730723
280970
481877
354987
647516
485131
468122
806947
601315
901419
111874
732202
743006
218118
871834
490357
640773
73567
622243
90428
662886
267213
27043
473403
431775
116669
387517
41603
541908
433299
336101
272630
714267
334328
143967
878134
819458
612088
685079
937123
29857
313303
669324
772862
47771
57508
779569
688543
647425
918162
295321
310309
185374
322363
300063
133499
955382
203930
691452
497289
637228
543903
286269
867845
878230
430234
262329
214038
558672
947407
667511
104880
777060
853185
394092
341182
910691
173659
546075
558114
91819
841394
384774
793543
680107
684835
443393
635488
888763
651195
649127
42341
195097
451746
910185
589677
398330
172512
803713
957001
636269
987574
578231
929680
840758
972321
270860
751447
662330
816933
309560
754147
658325
694332
64041
854783
379165
507432
490269
784278
158625
139394
826618
870072
591138
253153
459747
989466
425663
779810
462817
578283
767383
41046
507961
608139
529717
295171
359584
192045
112102
185494
946191
286777
879824
526582
141558