5340 365
180
75968
708987
287569
902584
95410
395057
672087
555155
900874
614100
334964
363689
192381
618697
921086
216692
226834
450801
511861
102768
159197
140313
288261
621738
943441
684435
148318
601349
459773
698680
749525
535739
924017
553444
954673
19425
948500
626758
90931
365724
757208
942245
245763
949588
560940
166847
682630
304124
133999
710842
923242
293194
851153
211501
914930
310944
412287
579598
912292
872058
278276
178167
924147
718643
731609
395170
738067
196459
538278
828996
562181
295484
771239
324295
761422
848529
491140
444051
152651
141489
154891
75891
951033
522394
803743
382313
349689
216028
961909
778331
604436
756535
956496
44933
475177
204455
956453
213242
400913
494729
558588
479444
306563
329825
320089
67984
178352
811228
28385
847353
469067
699626
923242
420099
738370
243335
802410
88057
459361
280670
866386
580147
37203
822880
141430
512378
543686
97881
241970
460949
592608
800556
456743
415522
646731
776831
999856
341433
104409
28239
188784
573474
727863
628377
509923
466231
871710
828684
70639
847422
109352
937023
943919
662905
276254
85348
175282
819938
183227
933602
797237
292186
734157
253978
707706
380886
30807
707560
238670
135214
252149
427452
225039
496362
572179
734960
478943
443888
79994
549580