3747 5492
270
10918
590
7439
367
4479
6070
2962
3209
2680
10187
1836
3878
7238
11846
4024
2027
908
6903
860
6568
4680
1368
8389
2477
10316
4982
11710
7873
3078
3199
1490
2346
3788
8928
3063
8617
3348
6375
176
6378
4560
2011
10606
149
1855
2628
2526
2761
9881
3385
9679
2560
5103
6419
5035
3417
11751
4744
11641
2827
8293
1129
5523
431
10407
8584
9047
2105
2957
9221
8481
7867
11582
7437
8014
1435
10064
10539
4547
7943
2274
2576
10501
7375
8993
3887
11142
9094
8981
10781
271
5272
261
5792
5702
11018
2374
3099
1122
5681
318
9953
1547
251
5389
9911
2036
3803
8448
6933
11744
11072
9508
10596
6445
6851
2833
5938
3944
11812
4717
4213
5434
5328
10356
11486
4345
728
2583
5465
6760
3252
3768
8657
3501
9507
6566
5535
1308
3365
467
1403
2435
10325
349
9231
5174
3180
3167
9468
3342
8234
2032
8774
1561
386
8611
6256
1464
11192
71
8222
2794
3837
4877
6645
1695
11442
531
3001
3157
1348
4754
5590
11671
5101
3171
5195
8631
6336
3014
11971
2921
5044
9096
4832
5428
5705
11086
7242
5247
11155
3463
8040
3342
8690
2683
5035
8482
3212
8387
11637
4558
1139
5226
4579
6239
8747
9773
2868
3082
1137
3190
6353
6179
284
11183
11957
5987
10267
7197
11232
9772
11010
7622
1112
7699
10656
6146
4179
1866
2531
4167
6775
4020
9743
11704
10609
6488
9475
1828
9568
10962
5016
4271
5139
5298
3452
5446
11635
2069
994
11217
11839
2
6838
950
8051
5492
7446
581
7708
10327
4746
2833
2345
2487
2536
953
8973