1453 3023
126
2358
5177
4761
11492
5639
6664
7604
6838
11412
3609
4159
5574
8827
4827
10957
8637
5865
5281
6611
7157
7798
8522
946
5853
4794
195
3379
7640
7645
10752
4261
10002
3927
9373
9844
9916
4387
5446
4752
3797
9053
9261
9721
6230
2086
8676
2866
8301
1955
9827
3808
10103
6348
5104
4306
11492
5297
8036
7131
1292
6786
11742
11292
11063
9113
9135
8977
1498
2931
2079
5293
11983
11338
3364
6211
1774
38
9427
10425
2343
7253
2231
797
1951
7685
5101
1441
1332
1487
8922
2622
8271
8663
2265
7684
5774
11750
4659
7623
2679
6736
1266
2660
6424
4629
9222
8548
5017
6999
6971
7359
2602
9552
8506
4551
5235
1605
6343
6565
3443
3615
9538
64
276
11801
7747