4402 5550
259
2374
2226
7491
3638
5237
2265
8265
2809
10812
1281
9806
6133
8990
407
3684
5494
5308
9269
7449
12001
4185
10890
3615
1721
10953
4241
1520
7050
10992
1419
7804
1364
3643
3645
5001
8878
5909
1616
11685
5071
2895
9842
11202
11883
10247
3236
5727
3905
504
1175
3905
5039
415
7870
7110
11366
461
8628
6414
11452
10045
2217
1166
2038
5860
6165
11267
119
8132
11302
5188
11025
9142
4741
11259
7387
7975
4984
11643
8829
6509
3546
2218
6923
11766
9326
6639
225
6304
1052
27
4699
3619
1192
6736
9829
7707
6001
10299
3837
5301
3837
2861
2794
8576
2470
10531
4902
7804
10172
1729
2312
2068
4298
9585
1832
1622
4222
2408
7925
5624
2433
622
9593
3623
7708
7421
11329
1707
6070
3516
7359
9905
6727
10503
6832
9195
9032
11732
5350
7203
1811
8012
9621
6107
5595
11452
7728
9815
2210
4003
3790
4641
4623
1381
8615
330
9152
7942
2387
3220
11808
10096
1124
6534
8597
8306
4079
5980
8036
9427
1181
10197
5437
11152
4303
11030
10954
381
9196
1162
4382
984
5802
9355
2363
2415
10035
11866
10707
421
3084
10513
10867
4558
5397
7463
862
9475
1441
8896
7252
2972
7092
688
2474
11745
68
1427
476
9614
2587
4856
10948
8387
2561
1662
11152
595
1526
10209
1366
4608
9073
231
9517
2468
8044
10377
293
9835
7624
7544
1157
3066
8582
3630
3161
9000
5055
3635
6613
7640
8841
5911
4378
11400
7571
3880
11993
9447
2088
1709
2406
11159
1939
11921
1977
10333