649 2270
170
6270
9811
9674
9686
6743
1302
845
3741
6707
4478
10704
2346
1669
4614
7074
1068
535
11304
1411
9981
1390
3119
737
899
5408
656
2875
3739
11654
5494
256
5923
3655
9929
3959
10396
11229
5155
2135
5935
9983
1190
8631
11651
5802
4055
717
6687
3357
2126
4666
5098
5595
5753
5995
11001
6407
9220
2739
6060
2712
3345
333
6365
1272
4642
4759
852
9795
7245
7137
7777
8433
4118
7426
2585
8171
8493
9270
11878
10969
2287
4974
4563
8038
11320
3914
2796
8890
7003
9206
11601
10347
9889
6316
11617
2529
11426
819
675
6669
7954
8802
3452
70
4226
6387
8239
1069
3655
8468
388
6292
1792
4949
2681
1110
9214
5475
9999
4215
3031
9950
2560
918
4264
2528
3445
3688
3345
4470
10707
11298
1270
2509
11718
5846
8894
7956
6913
900
4774
7300
7190
6564
599
9869
7673
9811
3694
6022
2377
6723
3970
4935
7639
8584
7813
11435
623
11157
3903
11680
10805
5524
2188
10521
11368
11432
6827