4633 4331
102
1930
7871
6162
2879
6090
2185
1041
9783
8557
3416
4504
877
8349
494
9459
4513
279
10432
3668
4532
10111
2823
10054
649
1342
9421
79
8520
4051
760
8469
6331
8629
2981
9560
2717
5516
10599
850
2071
2013
5705
2946
10713
6197
756
3224
6826
11186
7242
11356
9647
10415
9409
10294
107
7180
10724
8625
11229
11482
5093
5910
8461
8424
3468
11528
1939
2418
377
4008
4781
6080
7305
3492
627
8059
7066
7451
7595
2658
6805
5241
1071
4564
3885
1529
11742
2607
10152
11321
2439
3595
5229
10898
18
9048
10425
2307
11816
10800
6313