362 5132
395
11322
8145
11161
4811
1793
2964
10256
1426
5031
11248
993
4869
11600
8181
6169
8002
1671
1613
8581
9730
290
1677
561
2985
4162
3095
4288
1485
3807
7417
8375
3127
3560
7887
7936
5351
10849
6542
7127
4230
5788
8471
9097
5739
4650
3264
1739
6672
5227
10670
4400
5867
345
5311
8851
4505
8757
1137
6340
562
8553
2714
3687
463
10951
11621
6165
9798
6162
1642
2026
300
10111
11474
6389
2760
3088
8126
9430
8666
7146
2180
2531
7489
7489
11380
344
4244
868
6683
4804
9419
9747
8489
10232
8696
8461
4395
6844
2973
6036
9220
3623
4145
8692
10363
6903
131
6839
4683
8795
1984
6861
11676
9471
2349
11055
10166
6591
11921
4847
11746
9690
2592
8585
7920
11638
5396
666
6480
8719
6700
3698
693
11195
741
11054
6097
870
5891
11130
10015
7873
5990
9689
5695
8689
9094
3859
3630
9365
9056
3374
7053
11998
310
3324
11634
5704
3988
6112
2422
11038
10160
3113
10231
10899
2517
4678
119
8406
3807
10132
4630
10147
8172
10323
6834
5264
2532
10462
2628
11586
2187
10031
11582
2495
1705
11566
8549
6043
5676
10969
5079
3834
2432
3661
3084
5299
8337
3201
1704
494
1684
6332
10639
9854
5005
5823
3468
7887
4636
6446
7471
6821
4476
7403
9666
6531
6967
6213
573
993
5533
6002
5177
8315
9661
8259
1613
6349
11811
3667
6841
1845
9997
5831
49
3352
4
3515
11237
4638
9960
7058
11809
2786
2459
9473
9315
9776
4037
10238
11119
9568
4239
4294
6233
2250
552
7844
8949
713
11509
3789
2556
9856
9970
2603
1558
9972
6468
793
2961
4778
8201
2768
7914
11010
592
5228
8784
4979
3816
8253
2897
8405
546
9128
11006
1448
5323
7953
2159
5182
92
5065
3389
10060
7666
4945
8383
2484
6089
11694
7261
2288
2460
3173
1297
3402
8751
10431
8379
918
6683
11274
9321
7579
8753
8325
9025
2074
4277
11182
7254
4719
4597
10641
3130
261
3937
11511
3095
10024
11203
10354
310
2013
1878
1957
5766
10979
739
2143
11895
7772
1768
9215
3349
10519
5890
372
943
10517
11904
8195
3235
4499
7187
6363
5110
11122
6224
8203
9496
5777
6908
10156
8140
8784
112
1904
7761
1201
4398
8007
8971
6164
5220
318
5033
11460
1040
5974
9976
942
2519
1561
5791
10056
8274
10899
9528
2496